CapaGameOver: .word 100, 100
.byte 0,0,0,0,82,82,82,73,9,0,0,0,0,0,0,0,0,0,0,0,0,0,0,0,0,0,0,0,0,0,0,0,0,0,0,0,0,0,0,0,0,0,0,0,0,0,0,0,0,0,0,0,0,0,0,0,0,0,0,0,0,0,0,0,0,0,0,0,0,0,0,0,0,0,0,0,0,0,0,0,0,0,0,0,0,0,0,0,0,0,0,0,0,0,0,0,0,0,0,0,
0,0,0,82,182,255,255,255,246,164,83,82,9,1,0,0,0,0,0,0,0,0,0,0,0,0,0,0,0,0,0,0,0,0,0,0,0,0,0,0,0,0,0,0,0,0,0,0,0,0,0,0,0,0,0,0,0,0,0,0,0,0,0,0,0,0,0,0,0,0,0,0,0,0,0,0,0,0,0,0,0,0,0,0,0,0,0,0,0,0,0,0,0,0,0,0,0,0,0,0,
0,0,9,182,174,246,182,246,255,255,164,173,173,173,91,82,0,0,0,0,0,0,0,0,0,0,0,0,0,0,0,0,0,0,0,0,0,0,0,0,0,0,0,0,0,0,0,0,0,0,0,0,0,0,0,0,0,0,0,0,0,0,0,0,0,0,0,0,0,0,0,0,0,0,0,0,0,0,0,0,0,0,0,0,0,0,0,0,0,0,0,0,0,0,0,0,0,0,0,0,
0,0,173,182,246,255,174,173,255,255,173,173,182,182,255,246,182,173,91,82,9,0,0,0,0,0,0,0,0,0,0,0,0,0,0,0,0,0,0,0,0,0,0,0,0,0,0,0,0,0,0,0,0,0,0,0,0,0,0,0,0,0,0,0,0,0,0,0,0,0,0,0,0,0,0,0,0,0,0,0,0,0,0,0,0,0,0,0,0,0,0,0,0,0,0,0,0,0,0,0,
0,9,182,173,255,246,255,246,246,165,173,174,183,191,255,255,255,255,255,246,182,164,155,82,73,9,0,0,0,0,0,0,0,0,0,0,0,0,0,0,0,0,0,0,0,0,0,0,0,0,0,0,0,0,0,0,0,0,0,0,0,0,0,0,0,9,10,9,9,9,9,9,9,1,0,0,0,0,0,0,0,0,0,0,0,0,0,0,0,0,0,0,0,0,0,0,0,0,0,0,
0,9,173,173,173,92,255,255,246,156,165,173,191,191,255,255,255,255,255,255,255,255,255,255,246,173,164,82,0,0,0,0,0,0,0,0,0,0,0,0,0,0,0,0,0,0,0,0,0,0,0,0,0,0,0,0,0,0,0,0,0,0,0,9,83,91,91,91,92,91,91,83,83,83,83,82,10,9,9,9,9,0,0,0,0,0,0,0,0,0,0,0,0,0,0,0,0,0,0,0,
0,9,174,246,82,82,255,255,255,255,174,100,183,191,255,255,255,255,255,255,255,255,255,255,255,255,255,246,182,173,91,82,9,0,0,0,0,0,0,0,0,0,0,0,0,0,0,0,0,0,0,0,0,0,0,0,0,0,0,0,0,0,82,91,92,92,100,100,100,109,100,100,100,92,91,91,83,83,91,91,91,83,82,9,1,0,0,0,0,0,0,0,0,0,0,0,0,0,0,0,
0,9,173,173,74,92,255,255,255,247,247,173,182,255,255,255,255,255,255,255,255,255,255,255,255,255,255,255,255,255,255,246,173,173,91,82,9,0,0,0,0,0,0,0,0,0,0,0,0,0,0,0,0,0,0,0,0,0,0,0,0,10,83,91,92,92,101,174,174,182,173,174,174,173,165,165,164,100,92,100,92,92,92,91,82,82,9,1,0,0,0,0,0,0,0,0,0,0,0,0,
0,1,164,174,165,246,255,246,255,255,255,100,183,255,255,255,255,255,255,255,255,255,255,255,255,255,255,255,255,255,255,255,255,255,255,246,182,173,91,82,9,0,0,0,0,0,0,0,0,0,0,0,0,0,0,0,0,0,0,0,1,83,92,92,100,101,182,182,183,183,183,183,182,101,165,173,173,173,173,165,165,165,165,100,100,91,82,82,9,0,0,0,0,0,0,0,0,0,0,0,
0,0,91,165,91,173,246,92,255,255,182,173,255,255,255,255,255,255,255,255,255,255,255,255,255,255,255,255,255,255,255,255,255,255,255,255,255,255,255,255,246,173,164,82,74,0,0,0,0,0,0,0,0,0,0,0,0,0,0,0,18,92,101,174,183,183,191,183,174,183,191,183,101,92,19,83,92,183,174,173,182,174,173,173,173,100,92,91,91,74,1,0,0,0,0,0,0,0,0,0,
0,0,0,91,164,173,182,246,255,246,173,255,255,255,255,255,255,255,255,255,255,255,255,255,255,255,255,255,255,255,255,255,255,255,255,255,255,255,255,255,255,255,255,246,246,246,164,91,82,9,0,0,0,0,0,0,0,0,0,0,18,101,109,174,191,191,182,182,182,183,191,183,92,84,10,2,92,174,183,173,182,182,182,173,173,165,101,100,100,91,82,10,1,0,0,0,0,0,0,0,
0,0,0,0,0,9,82,164,173,173,182,255,255,255,255,255,255,255,255,255,255,255,255,255,255,255,255,255,255,255,255,255,255,255,255,255,255,255,255,255,255,255,255,255,255,255,255,255,246,182,172,91,82,9,0,0,0,1,0,0,91,109,182,182,183,109,109,182,191,182,183,183,92,93,84,11,93,183,183,182,182,182,173,173,173,100,101,100,165,100,100,91,82,9,1,0,0,0,0,0,
0,0,0,0,0,0,0,0,0,82,100,173,246,255,255,255,255,255,255,255,255,255,255,255,255,255,255,255,255,255,255,255,255,255,255,255,255,255,255,255,255,255,255,255,255,255,255,255,255,255,255,255,255,182,92,83,10,1,0,1,100,110,182,183,182,182,174,191,191,183,191,183,101,92,92,93,93,183,191,191,191,182,182,174,173,101,182,182,183,182,182,182,173,100,82,9,9,9,0,0,
0,0,0,0,0,0,0,0,0,0,0,0,9,73,83,164,173,246,246,255,255,255,255,255,255,255,255,255,255,255,255,255,255,255,255,255,255,255,255,255,255,255,255,255,255,255,255,255,255,255,255,255,255,255,182,109,101,100,83,19,101,110,111,183,182,182,110,183,174,183,191,183,174,92,102,101,183,183,191,191,191,182,174,182,183,183,191,191,191,191,191,183,174,173,173,174,173,100,91,9,
0,0,0,0,0,0,0,0,0,0,0,0,0,0,0,0,0,9,82,91,164,173,246,246,255,255,255,255,255,255,255,255,255,255,255,255,255,255,255,255,255,255,255,255,255,255,255,255,255,255,255,255,255,255,191,174,110,110,110,101,101,101,102,110,110,110,110,174,174,191,191,191,183,174,191,183,174,191,191,182,183,183,191,191,191,191,191,191,191,191,183,182,182,182,183,191,183,174,174,91,
0,0,0,0,0,0,0,0,0,0,0,0,0,0,0,0,0,0,0,0,0,0,9,82,91,173,246,246,255,255,255,255,255,255,255,255,255,255,255,255,255,255,255,255,255,255,255,255,255,255,255,255,255,255,191,183,119,111,119,119,110,110,110,110,102,102,110,183,183,191,255,191,182,182,183,191,182,255,255,191,191,191,191,191,191,191,183,191,191,191,183,182,182,183,183,183,191,183,183,173,
0,0,0,0,0,0,0,0,0,0,0,0,0,0,0,0,0,0,0,0,0,0,0,0,0,0,0,9,82,91,173,246,246,255,255,255,255,255,255,255,255,255,255,255,255,255,255,255,255,255,255,255,255,255,183,183,119,119,119,119,119,111,111,110,110,110,102,183,183,182,182,191,182,174,183,191,182,191,255,255,191,191,191,191,191,191,182,183,183,182,183,183,183,183,182,183,191,191,182,174,
0,0,0,0,0,0,0,0,0,0,0,0,0,0,0,0,0,0,0,0,0,0,0,0,0,0,0,0,0,0,0,0,73,82,91,164,173,246,255,255,255,255,255,255,255,255,255,255,255,255,255,247,255,255,183,183,111,119,119,111,119,119,119,119,111,111,110,110,110,109,109,174,173,101,173,174,165,182,183,183,183,182,182,182,182,182,173,173,174,182,183,191,191,191,182,182,182,182,174,173,
0,0,0,0,0,0,0,0,0,0,0,0,0,0,0,0,0,0,0,0,0,0,0,0,0,0,0,0,0,0,0,0,0,0,0,0,0,9,82,155,173,182,246,246,255,255,255,255,255,255,255,246,255,255,183,119,111,119,119,119,119,119,119,119,119,119,119,111,110,110,174,174,91,91,91,91,100,100,101,92,101,174,174,174,182,182,182,183,191,191,191,191,183,183,182,182,182,182,182,173,
0,0,0,0,0,0,0,0,0,0,0,0,0,0,0,0,0,0,0,0,0,0,0,0,0,0,0,0,0,0,0,0,0,0,0,0,0,0,0,0,0,0,9,82,164,182,246,246,255,255,255,173,255,255,182,110,111,111,119,119,119,119,119,119,119,119,119,119,119,119,183,174,100,100,109,100,101,100,101,101,174,182,182,174,182,183,191,191,191,191,191,182,174,182,182,182,174,173,173,173,
0,0,0,0,0,0,0,0,0,0,0,0,0,0,0,0,0,0,0,0,0,0,0,0,0,0,0,0,0,0,0,0,0,0,0,0,0,0,0,0,0,0,0,0,0,9,9,73,73,82,91,156,164,100,100,101,109,110,110,110,110,110,110,119,119,111,119,119,119,119,118,110,101,101,174,174,174,174,174,110,174,174,182,183,182,183,191,191,191,191,182,174,182,183,182,182,173,173,100,101,
0,0,0,0,0,0,0,0,0,0,0,0,0,0,0,0,0,0,0,0,0,0,0,0,0,0,0,0,0,0,0,0,0,0,0,0,0,0,0,0,0,0,0,0,0,0,0,0,0,0,0,0,0,0,9,9,10,19,91,92,109,110,110,110,110,110,110,111,110,110,110,110,182,183,182,182,174,183,183,174,174,183,191,191,182,174,182,191,191,182,173,182,191,191,183,182,182,182,173,100,
0,0,0,0,0,0,0,0,0,0,0,0,0,0,0,0,0,0,0,0,0,0,0,0,0,0,0,0,0,0,0,0,0,0,0,0,0,0,0,0,0,0,0,0,0,0,0,0,0,0,0,0,0,0,0,0,0,0,1,92,182,182,183,110,110,174,183,183,183,183,183,191,191,183,182,182,182,183,182,183,183,183,183,182,173,174,182,183,182,174,182,182,183,191,191,183,183,191,191,182,
0,0,0,0,0,0,0,0,0,0,0,0,0,0,0,0,0,0,0,0,0,0,0,0,0,0,0,0,0,0,0,0,0,0,0,0,0,0,0,0,0,0,0,0,0,0,0,0,0,0,0,0,0,0,0,0,0,0,9,183,182,183,183,183,191,191,191,191,191,191,191,255,255,255,191,191,183,183,182,182,174,174,173,173,174,182,182,182,182,182,183,183,183,191,183,183,182,182,182,182,
0,0,0,0,0,0,0,0,0,0,0,0,0,0,0,0,0,0,0,0,0,0,0,0,0,0,0,0,0,0,0,0,0,0,0,0,0,0,0,0,0,0,0,0,0,0,0,0,0,0,0,0,0,0,0,0,0,0,1,173,182,183,183,191,255,255,255,255,255,191,191,255,255,255,255,183,174,173,173,173,173,174,174,174,182,182,182,182,182,182,182,182,182,182,182,182,182,182,183,182,
0,0,0,0,0,0,0,0,0,0,0,0,0,0,0,0,0,0,0,0,0,0,0,0,0,0,0,0,0,0,0,0,0,0,0,0,0,0,0,0,0,0,0,0,0,0,0,0,0,0,0,0,0,0,0,0,0,0,1,101,182,182,174,174,182,191,255,255,255,183,182,191,182,182,174,173,173,173,174,174,174,174,182,182,182,182,182,182,174,174,174,174,174,182,182,183,182,182,182,182,
0,0,0,0,0,0,0,0,0,0,0,0,0,0,0,0,0,0,0,0,0,0,0,0,0,0,0,0,0,0,0,0,0,0,0,0,0,0,0,0,0,0,0,0,0,0,0,0,0,0,0,0,0,0,0,0,0,0,91,173,174,109,174,173,101,100,101,101,101,100,100,100,91,100,173,174,174,174,173,174,174,174,174,173,174,173,173,173,174,174,174,174,173,174,182,182,174,174,174,182,
0,0,0,0,0,0,0,0,0,0,0,0,0,0,0,0,0,0,0,0,0,0,0,0,0,0,0,0,0,0,0,0,0,0,0,0,0,0,0,0,0,0,0,0,0,0,0,0,0,0,0,0,0,0,0,0,0,0,164,165,174,174,183,174,101,101,100,100,100,100,100,100,101,173,173,173,173,173,173,173,173,173,173,173,173,173,173,173,174,174,174,174,174,174,174,174,174,174,173,174,
0,0,0,0,0,0,0,0,0,0,0,0,0,0,0,0,0,0,0,0,0,0,0,0,0,0,0,0,0,0,0,0,0,0,0,0,0,0,0,0,0,0,0,0,0,0,0,0,0,0,0,0,0,0,0,0,0,0,82,82,92,165,101,101,101,101,101,101,173,173,109,101,173,173,173,173,173,101,173,173,165,100,101,165,165,101,173,173,173,173,174,174,182,174,174,182,182,174,173,174,
0,0,0,0,0,0,0,0,0,0,0,0,0,0,0,0,0,0,0,0,0,0,0,0,0,0,0,0,0,0,0,0,0,0,0,0,0,0,0,0,0,0,0,0,0,0,0,0,0,0,0,0,0,0,0,0,0,0,0,0,82,101,92,92,100,101,109,182,174,173,101,100,100,101,100,100,173,91,101,173,100,100,100,100,173,174,173,173,173,173,173,174,182,182,174,182,174,174,173,174,
0,0,0,0,0,0,0,0,0,0,0,0,0,0,0,0,0,0,0,0,0,0,0,0,0,0,0,0,0,0,0,0,0,0,0,0,0,0,0,0,0,0,0,0,0,0,0,0,0,0,0,0,0,0,0,0,0,0,0,0,91,173,101,101,101,109,173,173,91,10,91,91,100,100,100,100,165,165,101,173,182,173,173,165,165,165,165,173,173,173,173,173,173,174,173,174,182,174,174,182,
0,0,0,0,0,0,0,0,0,0,0,0,0,0,0,0,0,0,0,0,0,0,0,0,0,0,0,0,0,0,0,0,0,0,0,0,0,0,0,0,0,0,0,0,0,0,0,0,0,0,0,0,0,0,0,0,0,0,0,0,92,174,109,109,109,174,173,82,0,1,92,100,100,100,173,100,173,173,173,173,173,182,182,173,165,101,165,173,173,173,173,173,173,174,174,182,182,182,182,182,
0,0,0,0,0,0,0,0,0,0,0,0,0,0,0,0,0,0,0,0,0,0,0,0,0,0,0,0,0,0,0,0,0,0,0,0,0,0,0,0,0,0,0,0,0,0,0,0,0,0,0,0,0,0,0,0,0,0,0,0,82,173,174,182,182,100,9,0,1,1,92,164,164,100,173,173,173,173,173,173,173,173,182,182,174,173,165,165,173,173,174,174,174,174,174,174,173,173,174,174,
0,0,0,0,0,0,0,0,0,0,0,0,0,0,0,0,0,0,0,0,0,0,0,0,0,0,0,0,0,0,0,0,0,0,0,0,0,0,0,0,0,0,0,0,0,0,0,0,0,0,0,0,0,0,0,0,0,0,0,0,0,9,18,83,10,1,0,0,0,1,100,100,165,100,173,173,173,173,173,173,173,173,173,174,174,174,173,173,173,173,173,173,173,173,173,173,174,173,174,182,
0,0,0,0,0,0,0,0,0,0,0,0,0,0,0,0,0,0,0,0,0,0,0,0,0,0,0,0,0,0,0,0,0,0,0,0,0,0,0,0,0,0,0,0,0,0,0,0,0,0,0,0,0,0,0,0,0,0,0,0,0,0,0,0,0,0,0,0,0,1,100,100,100,100,173,173,182,173,173,173,174,182,173,174,174,182,182,174,173,173,173,173,173,173,173,173,174,173,174,174,
0,0,0,0,0,0,0,0,0,0,0,0,0,0,0,0,0,0,0,0,0,0,0,0,0,0,0,0,0,0,0,0,0,0,0,0,0,0,0,0,0,0,0,0,0,0,0,0,0,0,0,0,0,0,0,0,0,0,0,0,0,0,0,0,0,0,0,0,0,82,165,100,100,165,173,173,173,182,173,173,174,174,182,182,174,182,182,182,182,173,173,173,173,173,173,173,174,174,173,173,
0,0,0,0,0,0,0,0,0,0,0,0,0,0,0,0,0,0,0,0,0,0,0,0,0,0,0,0,0,0,0,0,0,0,0,0,0,0,0,0,0,0,0,0,0,0,0,0,0,0,0,0,0,0,0,0,0,0,0,0,0,0,0,0,0,0,0,0,1,91,165,165,173,100,173,173,173,173,182,174,173,174,182,182,182,182,182,182,183,182,182,173,173,173,173,173,173,165,165,173,
0,0,0,0,0,0,0,0,0,0,0,0,0,0,0,0,0,0,0,0,0,0,0,0,0,0,0,0,0,0,0,0,0,0,0,0,0,0,0,0,0,0,0,0,0,0,0,0,0,0,0,0,0,0,0,0,0,0,0,0,0,0,0,0,0,0,0,0,9,100,100,165,91,82,173,173,173,173,174,182,182,174,182,182,182,182,182,182,182,182,182,182,182,174,173,173,91,18,18,91,
0,0,0,0,0,0,0,0,0,0,0,0,0,0,0,0,0,0,0,0,0,0,0,0,0,0,0,0,0,0,0,0,0,0,0,0,0,0,0,0,0,0,0,0,0,0,0,0,0,0,0,0,0,0,0,0,0,0,0,0,0,0,0,0,0,0,0,0,91,165,100,91,9,9,164,173,173,174,173,174,182,182,182,182,182,182,182,182,182,182,182,182,182,174,174,174,100,18,10,9,
0,0,0,0,0,0,0,0,0,0,0,0,0,0,0,0,0,0,0,0,0,0,0,0,0,0,0,0,0,0,0,0,0,0,0,0,0,0,0,0,0,0,0,0,0,0,0,0,0,0,0,0,0,0,0,0,0,0,0,0,0,0,0,0,0,0,0,0,92,165,91,9,9,9,82,165,174,174,174,174,174,182,182,182,182,182,182,182,182,182,182,174,182,182,182,174,182,91,9,10,
0,0,0,0,0,0,0,0,0,0,0,0,0,0,0,0,0,0,0,0,0,0,0,0,0,0,0,0,0,0,0,0,0,0,0,0,0,0,0,0,0,0,0,0,0,0,0,0,0,0,0,0,0,0,0,0,0,0,0,0,0,0,0,0,0,0,0,0,100,165,100,9,9,9,9,82,100,174,174,174,174,182,182,182,182,183,182,182,182,182,182,182,182,182,174,174,182,165,18,9,
0,0,0,0,0,0,0,0,0,0,0,0,0,0,0,0,0,0,0,0,0,0,0,0,0,0,0,0,0,0,0,0,0,0,0,0,0,0,0,0,0,0,0,0,0,0,0,0,0,0,0,0,0,0,0,0,0,0,0,0,0,0,0,0,0,0,0,0,92,164,100,10,9,9,9,91,92,173,174,174,182,182,182,182,182,182,183,183,182,182,182,182,182,182,182,182,182,174,165,100,
0,0,0,0,0,0,0,0,0,0,0,0,0,0,0,0,0,0,0,0,0,0,0,0,0,0,0,0,0,0,0,0,0,0,0,0,0,0,0,0,0,0,0,0,0,0,0,0,0,0,0,0,0,0,0,0,0,0,0,0,0,0,0,0,0,0,0,0,100,164,91,10,9,9,10,173,173,174,174,174,174,182,182,182,182,182,182,182,191,191,182,182,182,182,182,182,182,182,182,182,
0,0,0,0,0,0,0,0,0,0,0,0,0,0,0,0,0,0,0,0,0,0,0,0,0,0,0,0,0,0,0,0,0,0,0,0,0,0,0,0,0,0,0,0,0,0,0,0,0,0,0,0,0,0,0,0,0,0,0,0,0,0,0,0,0,0,0,0,100,100,82,10,9,9,9,91,173,174,182,174,174,174,182,182,182,182,183,182,182,183,183,183,183,182,182,182,182,182,182,182,
0,0,0,0,0,0,0,0,0,0,0,0,0,0,0,0,0,0,0,0,0,0,0,0,0,0,0,0,0,0,0,0,0,0,0,0,0,0,0,0,0,0,0,0,0,0,0,0,0,0,0,0,0,0,0,0,0,0,0,0,0,0,0,0,0,0,0,0,100,100,82,10,9,9,9,10,100,173,182,182,182,182,174,182,182,183,182,183,182,182,182,182,182,182,182,182,182,182,182,182,
0,0,0,0,0,0,0,0,0,0,0,0,0,0,0,0,0,0,0,0,0,0,0,0,0,0,0,0,0,0,0,0,0,0,0,0,0,0,0,0,0,0,0,0,0,0,0,0,0,0,0,0,0,0,0,0,0,0,0,0,0,0,0,0,0,0,0,0,100,165,92,9,10,10,82,91,91,100,173,173,182,182,182,182,182,182,183,182,182,183,183,182,182,182,182,182,182,182,182,182,
0,0,0,0,0,0,0,0,0,0,0,0,0,0,0,0,0,0,0,0,0,0,0,0,0,0,0,0,0,0,0,0,0,0,0,0,0,0,0,0,0,0,0,0,0,0,0,0,0,0,0,0,0,0,0,0,0,0,0,0,0,0,0,0,0,0,0,0,100,173,173,91,91,91,165,174,174,174,173,165,182,182,182,182,182,182,182,183,183,183,183,182,182,182,183,183,182,182,182,182,
0,0,0,0,0,0,0,0,0,0,0,0,0,0,0,0,0,0,0,0,0,0,0,0,0,0,0,0,0,0,0,0,0,0,0,0,0,0,0,0,0,0,0,0,0,0,0,0,0,0,0,0,0,0,0,0,0,0,0,0,0,0,0,0,0,0,0,9,164,173,173,165,173,173,173,174,182,174,182,182,173,182,182,182,183,183,182,182,182,182,183,182,183,183,182,182,183,182,182,183,
0,0,0,0,0,0,0,0,0,0,0,0,0,0,0,0,0,0,0,0,0,0,0,0,0,0,0,0,0,0,0,0,0,0,0,0,0,0,0,0,0,0,0,0,0,0,0,0,0,0,0,0,0,0,0,0,0,0,0,0,0,0,0,0,0,0,0,9,165,173,173,173,173,173,173,173,182,182,182,182,182,182,182,183,183,183,183,182,182,182,182,182,183,183,183,182,182,182,183,183,
0,0,0,0,0,0,0,0,0,0,0,0,0,0,0,0,0,0,0,0,0,0,0,0,0,0,0,0,0,0,0,0,0,0,0,0,0,0,0,0,0,0,0,0,0,0,0,0,0,0,0,0,0,0,0,0,0,0,0,0,0,0,0,0,0,0,0,82,173,173,173,173,173,173,173,173,174,182,182,182,182,182,182,182,183,191,183,183,183,183,183,182,182,182,182,183,183,183,183,183,
0,0,0,0,0,0,0,0,0,0,0,0,0,0,0,0,0,0,0,0,0,0,0,0,0,0,0,0,0,0,0,0,0,0,0,0,0,0,0,0,0,0,0,0,0,0,0,0,0,0,0,0,0,0,0,0,0,0,0,0,0,0,0,0,0,0,0,82,173,173,173,173,174,174,174,174,174,174,182,182,182,183,183,183,183,183,183,191,191,183,183,183,182,183,174,100,173,182,182,182,
0,0,0,0,0,0,0,0,0,0,0,0,0,0,0,0,0,0,0,0,0,0,0,0,0,0,0,0,0,0,0,0,0,0,0,0,0,0,0,0,0,0,0,0,0,0,0,0,0,0,0,0,0,0,0,0,0,0,0,0,0,0,0,0,0,0,0,82,173,173,173,173,174,173,174,174,174,174,182,182,182,182,182,183,191,183,182,182,182,191,183,183,183,183,183,83,18,18,18,82,
0,0,0,0,0,0,0,0,0,0,0,0,0,0,0,0,0,0,0,0,0,0,0,0,0,0,0,0,0,0,0,0,0,0,0,0,0,0,0,0,0,0,0,0,0,0,0,0,0,0,0,0,0,0,0,0,0,0,0,0,0,0,0,0,0,0,0,82,173,173,100,165,174,174,173,174,182,182,182,182,182,183,183,183,183,183,183,182,174,174,183,183,191,183,183,91,18,10,10,10,
0,0,0,0,0,0,0,0,0,0,0,0,0,0,0,0,0,0,0,0,0,0,0,0,0,0,0,0,0,0,0,0,0,0,0,0,0,0,0,0,0,0,0,0,0,0,0,0,0,0,0,0,0,0,0,0,0,0,0,0,0,0,0,0,0,0,0,82,173,100,10,100,173,173,174,174,174,182,182,182,182,182,182,183,183,191,183,191,183,182,182,174,174,183,183,173,82,10,10,10,
0,0,0,0,0,0,0,0,0,0,0,0,0,0,0,0,0,0,0,0,0,0,0,0,0,0,0,0,0,0,0,0,0,0,0,0,0,0,0,0,0,0,0,0,0,0,0,0,0,0,0,0,0,0,0,0,0,0,0,0,0,0,0,0,0,0,0,82,173,100,9,173,173,173,174,174,182,182,182,182,182,182,182,183,183,191,255,191,191,191,183,183,101,92,173,165,83,10,10,9,
0,0,0,0,0,0,0,0,0,0,0,0,0,0,0,0,0,0,0,0,0,0,0,0,0,0,0,0,0,0,0,0,0,0,0,0,0,0,0,0,0,0,0,0,0,0,0,0,0,0,0,0,0,0,0,0,0,0,0,0,0,0,0,0,0,0,0,9,165,101,83,173,173,174,173,173,182,182,182,182,183,183,183,182,182,183,183,191,183,183,191,191,183,100,82,82,83,82,10,10,
0,0,0,0,0,0,0,0,0,0,0,0,0,0,0,0,0,0,0,0,0,0,0,0,0,0,0,0,0,0,0,0,0,0,0,0,0,0,0,0,0,0,0,0,0,0,0,0,0,0,0,0,0,0,0,0,0,0,0,0,0,0,0,0,0,0,0,82,165,173,100,173,173,182,182,174,173,182,182,182,182,182,183,183,183,183,183,191,183,191,191,191,183,183,91,18,10,10,10,9,
0,0,0,0,0,0,0,0,0,0,0,0,0,0,0,0,0,0,0,0,0,0,0,0,0,0,0,0,0,0,0,0,0,0,0,0,0,0,0,0,0,0,0,0,0,0,0,0,0,0,0,0,0,0,0,0,0,0,0,0,0,0,0,0,0,0,0,92,173,101,173,165,173,173,182,182,182,174,174,182,182,183,183,183,183,183,191,191,183,182,183,191,191,191,174,18,10,10,10,10,
0,0,0,0,0,0,0,0,0,0,0,0,0,0,0,0,0,0,0,0,0,0,0,0,0,0,0,0,0,0,0,0,0,0,0,0,0,0,0,0,0,0,0,0,0,0,0,0,0,0,0,0,0,0,0,0,0,0,0,0,0,0,0,0,0,0,0,164,173,101,173,173,101,101,174,182,182,182,182,182,182,183,183,191,255,191,191,255,191,183,183,182,182,191,183,82,10,10,10,10,
0,0,0,0,0,0,0,0,0,0,0,0,0,0,0,0,0,0,0,0,0,0,0,0,0,0,0,0,0,0,0,0,0,0,0,0,0,0,0,0,0,0,0,0,0,0,0,0,0,0,0,0,0,0,0,0,0,0,0,0,0,0,0,0,0,0,0,164,173,173,174,173,100,100,109,182,182,182,182,182,182,182,182,183,191,191,191,183,191,191,191,183,183,182,182,91,18,18,10,10,
0,0,0,0,0,0,0,0,0,0,0,0,0,0,0,0,0,0,0,0,0,0,0,0,0,0,0,0,0,0,0,0,0,0,0,0,0,0,0,0,0,0,0,0,0,0,0,0,0,0,0,0,0,0,0,0,0,0,0,0,0,0,0,0,0,0,0,173,101,173,174,174,173,173,109,173,182,182,182,182,182,182,182,182,182,183,255,191,191,191,191,191,191,183,183,182,91,10,10,10,
0,0,0,0,0,0,0,0,0,0,0,0,0,0,0,0,0,0,0,0,0,0,0,0,0,0,0,0,0,0,0,0,0,0,0,0,0,0,0,0,0,0,0,0,0,0,0,0,0,0,0,0,0,0,0,0,0,0,0,0,0,0,0,0,0,0,9,173,100,173,173,174,174,174,182,174,174,182,182,182,182,183,183,182,182,183,183,191,191,183,191,191,191,191,191,183,165,10,9,9,
0,0,0,0,0,0,0,0,0,0,0,0,0,0,0,0,0,0,0,0,0,0,0,0,0,0,0,0,0,0,0,0,0,0,0,0,0,0,0,0,0,0,0,0,0,0,0,0,0,0,0,0,0,0,0,0,0,0,0,0,0,0,0,0,0,0,9,165,165,173,173,174,174,182,182,174,174,182,182,182,183,183,183,183,183,183,183,182,183,183,183,183,191,191,191,183,247,83,10,10,
0,0,0,0,0,0,0,0,0,0,0,0,0,0,0,0,0,0,0,0,0,0,0,0,0,0,0,0,0,0,0,0,0,0,0,0,0,0,0,0,0,0,0,0,0,0,0,0,0,0,0,0,0,0,0,0,0,0,0,0,0,0,0,0,0,0,9,165,173,173,173,173,174,182,182,182,182,182,182,182,183,183,191,183,183,191,191,191,182,182,182,183,191,191,255,255,255,100,10,10,
0,0,0,0,0,0,0,0,0,0,0,0,0,0,0,0,0,0,0,0,0,0,0,0,0,0,0,0,0,0,0,0,0,0,0,0,0,0,0,0,0,0,0,0,0,0,0,0,0,0,0,0,0,0,0,0,0,0,0,0,0,0,0,0,0,0,9,165,173,173,173,173,174,182,182,182,183,182,182,182,183,183,191,191,191,191,191,191,183,183,182,182,183,191,255,255,183,182,92,91,
0,0,0,0,0,0,0,0,0,0,0,0,0,0,0,0,0,0,0,0,0,0,0,0,0,0,0,0,0,0,0,0,0,0,0,0,0,0,0,0,0,0,0,0,0,0,0,0,0,0,0,0,0,0,0,0,0,0,0,0,0,0,0,0,0,0,1,100,173,173,173,173,173,173,174,182,182,182,183,183,183,182,183,183,183,191,191,191,191,191,183,183,183,182,183,191,183,183,182,182,
0,0,0,0,0,0,0,0,0,0,0,0,0,0,0,0,0,0,0,0,0,0,0,0,0,0,0,0,0,0,0,0,0,0,0,0,0,0,0,0,0,0,0,0,0,0,0,0,0,0,0,0,0,0,0,0,0,0,0,0,0,0,0,0,0,0,9,100,173,173,173,174,182,174,173,174,182,182,183,183,183,182,182,174,182,191,191,183,191,191,191,183,183,183,182,182,182,182,182,255,
0,0,0,0,0,0,0,0,0,0,0,0,0,0,0,0,0,0,0,0,0,0,0,0,0,0,0,0,0,0,0,0,0,0,0,0,0,0,0,0,0,0,0,0,0,0,0,0,0,0,0,0,0,0,0,0,0,0,0,0,0,0,0,0,0,0,9,100,173,173,173,174,182,182,182,174,174,182,183,183,183,191,183,183,182,182,191,191,191,191,183,183,191,191,191,183,182,182,182,183,
0,0,0,0,0,0,0,0,0,0,0,0,0,0,0,0,0,0,0,0,0,0,0,0,0,0,0,0,0,0,0,0,0,0,0,0,0,0,0,0,0,0,0,0,0,0,0,0,0,0,0,0,0,0,0,0,0,0,0,0,0,0,0,0,0,0,10,91,100,173,174,182,182,182,182,182,182,174,182,183,183,183,183,183,183,183,182,182,183,183,182,183,183,191,191,183,182,183,183,183,
0,0,0,0,0,0,0,0,0,0,0,0,0,0,0,0,0,0,0,0,0,0,0,0,0,0,0,0,0,0,0,0,0,0,0,0,0,0,0,0,0,0,0,0,0,0,0,0,0,0,0,0,0,0,0,0,0,0,0,0,0,0,0,0,0,0,91,82,91,164,173,174,182,182,182,182,182,182,182,182,183,183,183,191,191,191,183,183,182,173,109,183,183,191,191,183,183,255,255,255,
0,0,0,0,0,0,0,0,0,0,0,0,0,0,0,0,0,0,0,0,0,0,0,0,0,0,0,0,0,0,0,0,0,0,0,0,0,0,0,0,0,0,0,0,0,0,0,0,0,0,0,0,0,0,0,0,0,0,0,0,0,0,0,0,0,0,91,82,18,83,100,173,182,182,182,182,183,182,182,182,174,182,183,183,183,191,191,191,191,182,173,182,183,191,183,183,183,255,255,255,
0,0,0,0,0,0,0,0,0,0,0,0,0,0,0,0,0,0,0,0,0,0,0,0,0,0,0,0,0,0,0,0,0,0,0,0,0,0,0,0,0,0,0,0,0,0,0,0,0,0,0,0,0,0,0,0,0,0,0,0,0,0,0,0,0,1,91,82,18,82,82,92,173,182,182,182,183,183,182,183,182,174,182,183,183,191,191,191,191,191,183,182,182,183,183,183,183,191,255,255,
0,0,0,0,0,0,0,0,0,0,0,0,0,0,0,0,0,0,0,0,0,0,0,0,0,0,0,0,0,0,0,0,0,0,0,0,0,0,0,0,0,0,0,0,0,0,0,0,0,0,0,0,0,0,0,0,0,0,0,0,0,0,0,0,0,9,83,18,18,82,82,83,91,165,182,182,183,183,183,183,183,183,182,182,182,191,191,191,191,191,255,255,183,183,182,182,182,183,255,255,
0,0,0,0,0,0,0,0,0,0,0,0,0,0,0,0,0,0,0,0,0,0,0,0,0,0,0,0,0,0,0,0,0,0,0,0,0,0,0,0,0,0,0,0,0,0,0,0,0,0,0,0,0,0,0,0,0,0,0,0,0,0,0,0,0,74,82,18,82,83,82,83,83,91,165,182,182,183,183,183,183,183,183,183,174,174,183,191,255,191,191,191,183,191,182,183,183,183,191,191,
0,0,0,0,0,0,0,0,0,0,0,0,0,0,0,0,0,0,0,0,0,0,0,0,0,0,0,0,0,0,0,0,0,0,0,0,0,0,0,0,0,0,0,0,0,0,0,0,0,0,0,0,0,0,0,0,0,0,0,0,0,0,0,0,1,82,9,82,18,82,83,83,83,83,83,100,182,182,182,183,191,183,183,183,183,182,182,183,191,191,191,255,191,183,183,191,191,183,191,191,
0,0,0,0,0,0,0,0,0,0,0,0,0,0,0,0,0,0,0,0,0,0,0,0,0,0,0,0,0,0,0,0,0,0,0,0,0,0,0,0,0,0,0,0,0,0,0,0,0,0,0,0,0,0,0,0,0,0,0,0,0,0,0,0,1,10,9,10,18,82,83,83,83,83,83,91,92,173,182,183,191,183,191,191,191,183,182,182,182,182,182,191,183,183,182,191,191,183,183,183,
0,0,0,0,0,0,0,0,0,0,0,0,0,0,0,0,0,0,0,0,0,0,0,0,0,0,0,0,0,0,0,0,0,0,0,0,0,0,0,0,0,0,0,0,0,0,0,0,0,0,0,0,0,0,0,0,0,0,0,0,0,0,0,0,9,10,10,10,18,82,82,83,91,83,91,92,92,92,165,174,183,183,183,191,191,191,191,183,183,182,174,182,183,183,182,191,191,191,182,182,
0,0,0,0,0,0,0,0,0,0,0,0,0,0,0,0,0,0,0,0,0,0,0,0,0,0,0,0,0,0,0,0,0,0,0,0,0,0,0,0,0,0,0,0,0,0,0,0,0,0,0,0,0,0,0,0,0,0,0,0,0,0,0,0,10,82,10,18,82,18,18,82,91,92,91,91,92,100,92,92,165,174,183,183,191,183,191,183,183,183,182,182,182,182,182,191,183,183,182,91,
0,0,0,0,0,0,0,0,0,0,0,0,0,0,0,0,0,0,0,0,0,0,0,0,0,0,0,0,0,0,0,0,0,0,0,0,0,0,0,0,0,0,0,0,0,0,0,0,0,0,0,0,0,0,0,0,0,0,0,0,0,0,0,1,18,83,83,82,82,82,18,10,18,91,92,91,91,92,92,92,92,100,174,183,191,191,191,191,191,183,183,182,182,182,182,191,255,183,91,0,
0,0,0,0,0,0,0,0,0,0,0,0,0,0,0,0,0,0,0,0,0,0,0,0,0,0,0,0,0,0,0,0,0,0,0,0,0,0,0,0,0,0,0,0,0,0,0,0,0,0,0,0,0,0,0,0,0,0,0,0,0,0,0,9,18,82,91,92,18,18,10,10,82,82,91,92,92,92,92,91,92,92,101,173,182,191,191,191,191,183,183,182,183,183,182,191,183,92,0,0,
0,0,0,0,0,0,0,0,0,0,0,0,0,0,0,0,0,0,0,0,0,0,0,0,0,0,0,0,0,0,0,0,0,0,0,0,0,0,0,0,0,0,0,0,0,0,0,0,0,0,0,0,0,0,0,0,0,0,0,0,0,0,9,82,82,18,10,91,100,10,10,10,82,82,83,83,92,92,92,92,92,100,100,101,101,174,183,191,183,183,183,183,191,183,182,247,100,0,0,0,
0,0,0,0,0,0,0,0,0,0,0,0,0,0,0,0,0,0,0,0,0,0,0,0,0,0,0,0,0,0,0,0,0,0,0,0,0,0,0,0,0,0,0,0,0,0,0,0,0,0,0,0,0,0,0,0,0,0,0,0,0,0,9,18,18,83,18,10,91,92,18,18,82,83,83,83,91,92,92,92,100,100,100,100,100,173,174,183,183,183,182,182,191,183,100,100,9,0,0,0,
0,0,0,0,0,0,0,0,0,0,0,0,0,0,0,0,0,0,0,0,0,0,0,0,0,0,0,0,0,0,0,0,0,0,0,0,0,0,0,0,0,0,0,0,0,0,0,0,0,0,0,0,0,0,0,0,0,0,0,0,0,9,9,18,18,18,18,18,18,83,92,82,18,82,83,83,83,91,92,92,100,92,100,101,100,173,173,173,174,174,174,182,183,101,1,0,0,0,0,0,
0,0,0,0,0,0,0,0,0,0,0,0,0,0,0,0,0,0,0,0,0,0,0,0,0,0,0,0,0,0,0,0,0,0,0,0,0,0,0,0,0,0,0,0,0,0,0,0,0,0,0,0,0,0,0,0,0,0,0,0,0,9,91,18,10,18,82,83,83,83,91,92,83,83,83,82,82,91,92,92,100,101,101,101,101,173,173,100,92,92,101,173,182,0,0,0,0,0,0,0,
0,0,0,0,0,0,0,0,0,0,0,0,0,0,0,0,0,0,0,0,0,0,0,0,0,0,0,0,0,0,0,0,0,0,0,0,0,0,0,0,0,0,0,0,0,0,0,0,0,0,0,0,0,0,0,0,0,0,0,0,0,9,83,100,83,10,18,82,83,91,83,91,92,83,83,83,83,91,92,92,100,101,101,173,174,174,173,101,19,100,92,91,91,0,0,0,0,0,0,0,
0,0,0,0,0,0,0,0,0,0,0,0,0,0,0,0,0,0,0,0,0,0,0,0,0,0,0,0,0,0,0,0,0,0,0,0,0,0,0,0,0,0,0,0,0,0,0,0,0,0,0,0,0,0,0,0,0,0,0,0,1,10,82,83,92,83,18,18,83,83,83,91,91,100,91,83,91,91,91,92,100,101,173,174,165,174,173,100,83,101,165,10,9,0,1,0,0,0,0,0,
0,0,0,0,0,0,0,0,0,0,0,0,0,0,0,0,0,0,0,0,0,0,0,0,0,0,0,0,0,0,0,0,0,0,0,0,0,0,0,0,0,0,0,0,0,0,0,0,0,0,0,0,0,0,0,0,0,0,0,0,9,18,82,10,18,83,91,10,83,18,83,91,91,92,100,92,92,100,92,92,101,101,101,101,101,101,92,91,18,91,91,0,1,0,0,0,0,0,0,0,
0,0,0,0,0,0,0,0,0,0,0,0,0,0,0,0,0,0,0,0,0,0,0,0,0,0,0,0,0,0,0,0,0,0,0,0,0,0,0,0,0,0,0,0,0,0,0,0,0,0,0,0,0,0,0,0,0,0,0,0,10,18,18,18,18,10,83,92,18,83,83,83,91,92,100,101,100,165,173,101,165,101,165,101,92,83,92,18,10,18,9,1,0,0,0,0,0,0,0,0,
0,0,0,0,0,0,0,0,0,0,0,0,0,0,0,0,0,0,0,0,0,0,0,0,0,0,0,0,0,0,0,0,0,0,0,0,0,0,0,0,0,0,0,0,0,0,0,0,0,0,0,0,0,0,0,0,0,0,0,9,10,10,18,18,18,82,83,83,83,91,83,83,92,92,100,165,165,165,101,173,174,101,174,174,101,83,83,83,10,1,1,0,0,0,0,0,0,0,0,0,
0,0,0,0,0,0,0,0,0,0,0,0,0,0,0,0,0,0,0,0,0,0,0,0,0,0,0,0,0,0,0,0,0,0,0,0,0,0,0,0,0,0,0,0,0,0,0,0,0,0,0,0,0,0,0,0,0,0,0,9,83,10,18,10,18,82,83,83,83,174,165,91,92,92,92,101,173,174,182,174,174,174,173,165,101,91,10,91,9,9,0,0,0,0,0,0,0,0,0,0,
0,0,0,0,0,0,0,0,0,0,0,0,0,0,0,0,0,0,0,0,0,0,0,0,0,0,0,0,0,0,0,0,0,0,0,0,0,0,0,0,0,0,0,0,0,0,0,0,0,0,0,0,0,0,0,0,0,0,0,10,83,92,83,10,18,83,83,83,83,92,101,101,100,165,173,174,174,173,183,183,174,174,101,92,92,83,9,83,9,0,0,0,0,0,0,0,0,0,0,0,
0,0,0,0,0,0,0,0,0,0,0,0,0,0,0,0,0,0,0,0,0,0,0,0,0,0,0,0,0,0,0,0,0,0,0,0,0,0,0,0,0,0,0,0,0,0,0,0,0,0,0,0,0,0,0,0,0,0,1,10,82,83,92,91,18,82,83,83,83,83,92,101,165,174,174,182,183,183,183,183,182,173,101,92,101,92,9,9,9,1,0,0,0,0,0,0,0,0,0,0,
0,0,0,0,0,0,0,0,0,0,0,0,0,0,0,0,0,0,0,0,0,0,0,0,0,0,0,0,0,0,0,0,0,0,0,0,0,0,0,0,0,0,0,0,0,0,0,0,0,0,0,0,0,0,0,0,0,0,9,10,82,18,18,100,91,91,83,10,83,83,91,100,165,173,182,182,183,183,183,182,174,101,101,101,92,92,82,9,1,0,0,0,0,0,0,0,0,0,0,0,
0,0,0,0,0,0,0,0,0,0,0,0,0,0,0,0,0,0,0,0,0,0,0,0,0,0,0,0,0,0,0,0,0,0,0,0,0,0,0,0,0,0,0,0,0,0,0,0,0,0,0,0,0,0,0,0,0,0,9,10,10,18,19,10,92,92,83,83,83,83,92,100,174,255,255,182,183,174,174,173,101,92,92,92,92,91,9,9,0,0,0,0,0,0,0,0,0,0,0,0,
0,0,0,0,0,0,0,0,0,0,0,0,0,0,0,0,0,0,0,0,0,0,0,0,0,0,0,0,0,0,0,0,0,0,0,0,0,0,0,0,0,0,0,0,0,0,0,0,0,0,0,0,0,0,0,0,0,9,9,10,10,83,18,83,83,92,92,92,91,92,92,164,247,255,255,183,182,174,173,101,100,101,92,18,92,82,1,1,0,0,0,0,0,0,0,0,0,0,0,0,
0,0,0,0,0,0,0,0,0,0,0,0,0,0,0,0,0,0,0,0,0,0,0,0,0,0,0,0,0,0,0,0,0,0,0,0,0,0,0,0,0,0,0,0,0,0,0,0,0,0,0,0,0,0,0,0,0,10,82,10,10,18,18,83,91,92,92,92,101,165,100,165,182,255,183,182,183,174,174,101,100,101,101,91,10,82,9,0,0,0,0,0,0,0,0,0,0,0,0,0,
0,0,0,0,0,0,0,0,0,0,0,0,0,0,0,0,0,0,0,0,0,0,0,0,0,0,0,0,0,0,0,0,0,0,0,0,0,0,0,0,0,0,0,0,0,0,0,0,0,0,0,0,0,0,0,0,0,10,91,91,18,10,83,83,83,92,92,92,100,165,173,182,255,247,183,183,183,182,182,173,101,101,101,92,9,82,9,0,0,0,0,0,0,0,0,0,0,0,0,0,
0,0,0,0,0,0,0,0,0,0,0,0,0,0,0,0,0,0,0,0,0,0,0,0,0,0,0,0,0,0,0,0,0,0,0,0,0,0,0,0,0,0,0,0,0,0,0,0,0,0,0,0,0,0,0,0,9,74,10,92,173,83,18,83,91,92,92,92,100,100,173,182,255,255,173,174,182,174,173,101,101,100,101,91,10,9,0,0,0,0,0,0,0,0,0,0,0,0,0,0,
0,0,0,0,0,0,0,0,0,0,0,0,0,0,0,0,0,0,0,0,0,0,0,0,0,0,0,0,0,0,0,0,0,0,0,0,0,0,0,0,0,0,0,0,0,0,0,0,0,0,0,0,0,0,0,0,9,74,82,82,92,165,91,83,83,92,92,92,101,100,165,182,183,174,174,173,101,101,101,92,92,100,100,82,10,9,0,0,0,0,0,0,0,0,0,0,0,0,0,0,
0,0,0,0,0,0,0,0,0,0,0,0,0,0,0,0,0,0,0,0,0,0,0,0,0,0,0,0,0,0,0,0,0,0,0,0,0,0,0,0,0,0,0,0,0,0,0,0,0,0,0,0,0,0,0,1,10,10,18,83,82,83,165,92,91,92,100,100,101,101,173,174,174,174,174,174,174,92,173,92,83,83,91,10,9,74,0,0,0,0,0,0,0,0,0,0,0,0,0,0,


